0.867 0.333 0.481 0.841
0.852 0.235 0.368 0.803
0.857 0.254 0.392 0.804
0.865 0.26 0.4 0.811
0.833 0.248 0.383 0.8
0.848 0.231 0.363 0.801
0.865 0.236 0.37 0.805
0.806 0.248 0.379 0.807
0.827 0.262 0.398 0.807
0.833 0.287 0.427 0.819
0.837 0.286 0.427 0.82
0.82 0.284 0.422 0.818
0.82 0.284 0.422 0.816
0.821 0.285 0.423 0.816
0.822 0.285 0.423 0.816
0.804 0.284 0.42 0.813
0.875 0.389 0.538 0.873
0.848 0.326 0.471 0.855
0.81 0.324 0.463 0.849
0.814 0.318 0.458 0.85
0.809 0.317 0.455 0.85
0.796 0.295 0.43 0.845
0.788 0.306 0.441 0.841
0.787 0.317 0.452 0.837
0.779 0.311 0.444 0.836
0.762 0.292 0.422 0.816
0.761 0.298 0.428 0.816
0.783 0.299 0.433 0.819
0.779 0.3 0.433 0.818
0.78 0.299 0.433 0.818
0.778 0.298 0.431 0.817
0.77 0.289 0.42 0.813
0.75 0.267 0.393 0.81
0.775 0.313 0.446 0.825
0.756 0.301 0.43 0.824
0.745 0.297 0.424 0.823
0.789 0.321 0.457 0.823
0.769 0.311 0.442 0.825
0.766 0.309 0.44 0.821
0.796 0.301 0.437 0.818
0.806 0.314 0.452 0.816
0.791 0.317 0.452 0.818
0.794 0.315 0.451 0.816
0.783 0.318 0.452 0.822
0.779 0.319 0.452 0.821
0.779 0.317 0.451 0.82
0.781 0.315 0.449 0.819
0.793 0.308 0.444 0.815
0.647 0.212 0.319 0.766
0.714 0.265 0.387 0.783
0.74 0.268 0.394 0.788
0.75 0.277 0.404 0.797
0.759 0.265 0.392 0.799
0.787 0.255 0.386 0.802
0.814 0.268 0.403 0.806
0.8 0.266 0.399 0.802
0.8 0.263 0.396 0.805
0.824 0.291 0.43 0.815
0.829 0.293 0.433 0.816
0.802 0.29 0.427 0.813
0.812 0.294 0.431 0.814
0.812 0.293 0.431 0.814
0.813 0.294 0.432 0.815
0.798 0.284 0.419 0.814
0.75 0.294 0.423 0.799
0.766 0.3 0.431 0.799
0.78 0.331 0.465 0.807
0.79 0.325 0.46 0.806
0.795 0.333 0.47 0.803
0.802 0.335 0.473 0.804
0.816 0.343 0.483 0.808
0.803 0.333 0.471 0.809
0.831 0.351 0.494 0.817
0.784 0.321 0.456 0.817
0.788 0.321 0.456 0.816
0.799 0.308 0.445 0.811
0.796 0.31 0.447 0.812
0.796 0.31 0.447 0.812
0.793 0.312 0.448 0.813
0.793 0.306 0.441 0.813
0.824 0.286 0.424 0.798
0.868 0.314 0.462 0.818
0.824 0.328 0.469 0.813
0.827 0.312 0.453 0.811
0.839 0.329 0.473 0.812
0.818 0.326 0.467 0.811
0.83 0.336 0.479 0.817
0.827 0.316 0.457 0.811
0.819 0.318 0.458 0.817
0.805 0.292 0.428 0.808
0.808 0.294 0.431 0.808
0.813 0.3 0.438 0.808
0.809 0.297 0.434 0.807
0.809 0.296 0.434 0.807
0.805 0.298 0.435 0.808
0.803 0.298 0.434 0.808
0.252 1.0 0.403 0.46
0.292 0.989 0.451 0.476
0.3 0.961 0.458 0.466
0.301 0.964 0.459 0.465
0.293 0.966 0.45 0.457
0.306 0.973 0.465 0.461
0.306 0.977 0.466 0.461
0.313 0.982 0.474 0.46
0.307 0.979 0.468 0.459
0.3 0.984 0.46 0.456
0.303 0.985 0.463 0.459
0.303 0.984 0.463 0.464
0.304 0.985 0.464 0.466
0.304 0.985 0.464 0.466
0.303 0.985 0.463 0.465
0.305 0.986 0.466 0.465
1.0 0.3 0.462 0.814
0.8 0.252 0.384 0.796
0.821 0.246 0.379 0.804
0.805 0.236 0.365 0.798
0.8 0.237 0.365 0.799
0.82 0.222 0.349 0.795
0.828 0.229 0.358 0.791
0.8 0.228 0.355 0.792
0.817 0.236 0.366 0.799
0.826 0.239 0.371 0.803
0.831 0.239 0.371 0.803
0.845 0.232 0.364 0.803
0.842 0.229 0.361 0.803
0.842 0.23 0.361 0.804
0.843 0.23 0.361 0.803
0.831 0.225 0.354 0.801
0.744 0.592 0.659 0.867
0.712 0.553 0.623 0.842
0.704 0.561 0.624 0.839
0.706 0.55 0.618 0.838
0.737 0.576 0.647 0.844
0.752 0.571 0.649 0.851
0.748 0.564 0.643 0.854
0.764 0.558 0.645 0.852
0.76 0.547 0.636 0.85
0.742 0.521 0.612 0.848
0.744 0.52 0.612 0.849
0.758 0.543 0.633 0.846
0.762 0.545 0.635 0.847
0.762 0.544 0.635 0.847
0.763 0.546 0.637 0.847
0.767 0.55 0.641 0.848
0.727 0.627 0.674 0.832
0.723 0.642 0.68 0.845
0.716 0.643 0.678 0.842
0.724 0.648 0.684 0.842
0.743 0.639 0.687 0.845
0.711 0.634 0.67 0.842
0.705 0.629 0.665 0.839
0.708 0.63 0.667 0.841
0.716 0.629 0.67 0.848
0.693 0.625 0.657 0.846
0.693 0.627 0.658 0.846
0.685 0.644 0.664 0.85
0.693 0.649 0.67 0.851
0.691 0.648 0.669 0.851
0.69 0.65 0.669 0.851
0.685 0.644 0.664 0.847
